phase3a_event_id,pair_id,source_work_id,source_row_number,source_event_identifier,canonical_source_event_key,tic_id,sector,source_start_time,source_peak_time,source_end_time,observational_reference_role,matching_level,matched_partner_event_id,membership_status,membership_reason
F3AE000001,F3AP0001,BAIIW0001,99,SRC_f4911822644eaf09e37189044a4bdf778ae50376a2adbb07e5854a9780df0efa,BAIIW0001|TIC11333775|S79|SRC_f4911822644eaf09e37189044a4bdf778ae50376a2adbb07e5854a9780df0efa,11333775,79,3455.940321,3455.940553,3455.947034,PUBLISHED_QPP_REFERENCE,SAME_TIC_SAME_SECTOR,F3AE000002,FROZEN_MEMBER,ALL_SOURCE_QPP_REFERENCES
F3AE000002,F3AP0001,BAIIW0001,100,SRC_15fb119f0330412aac180a232e19c1b7036a8f63783db6825fe307054eda8248,BAIIW0001|TIC11333775|S79|SRC_15fb119f0330412aac180a232e19c1b7036a8f63783db6825fe307054eda8248,11333775,79,3460.969779,3460.970474,3460.976029,PUBLISHED_NOT_SELECTED_REFERENCE,SAME_TIC_SAME_SECTOR,F3AE000001,FROZEN_MEMBER,DETERMINISTIC_1_TO_1_MATCH_WITHOUT_REPLACEMENT
F3AE000003,F3AP0002,BAIIW0001,890,SRC_5ff66c0c02c1f220eb0a4f3626c1159c97fbccb3f1247efa67349de5fdb513aa,BAIIW0001|TIC125421413|S37|SRC_5ff66c0c02c1f220eb0a4f3626c1159c97fbccb3f1247efa67349de5fdb513aa,125421413,37,2324.306239,2324.307164,2324.313183,PUBLISHED_QPP_REFERENCE,SAME_TIC_SAME_SECTOR,F3AE000004,FROZEN_MEMBER,ALL_SOURCE_QPP_REFERENCES
F3AE000004,F3AP0002,BAIIW0001,889,SRC_8243d0c691d44a3fb4c98cafbce5cfffb6c11a8a2eccd7724c6d9d9462bee53a,BAIIW0001|TIC125421413|S37|SRC_8243d0c691d44a3fb4c98cafbce5cfffb6c11a8a2eccd7724c6d9d9462bee53a,125421413,37,2312.821992,2312.822918,2312.825696,PUBLISHED_NOT_SELECTED_REFERENCE,SAME_TIC_SAME_SECTOR,F3AE000003,FROZEN_MEMBER,DETERMINISTIC_1_TO_1_MATCH_WITHOUT_REPLACEMENT
F3AE000005,F3AP0003,BAIIW0001,1026,SRC_034cfdcdc4be9164408ec5eec2fb4b80a8e3a605a851e9983510cd653f64c537,BAIIW0001|TIC141807839|S61|SRC_034cfdcdc4be9164408ec5eec2fb4b80a8e3a605a851e9983510cd653f64c537,141807839,61,2965.854876,2965.855339,2965.858117,PUBLISHED_QPP_REFERENCE,SAME_TIC_ANY_SECTOR,F3AE000006,FROZEN_MEMBER,ALL_SOURCE_QPP_REFERENCES
F3AE000006,F3AP0003,BAIIW0001,1017,SRC_6e4b2ab1be3b831c6850db5518ed88e752208b5772a9f02f037728ce50a81b39,BAIIW0001|TIC141807839|S35|SRC_6e4b2ab1be3b831c6850db5518ed88e752208b5772a9f02f037728ce50a81b39,141807839,35,2261.476693,2261.477387,2261.479934,PUBLISHED_NOT_SELECTED_REFERENCE,SAME_TIC_ANY_SECTOR,F3AE000005,FROZEN_MEMBER,DETERMINISTIC_1_TO_1_MATCH_WITHOUT_REPLACEMENT
F3AE000007,F3AP0004,BAIIW0001,1167,SRC_592ccae7b81e4707d3224ddd6f75ca01e7000c022ef117dd81bdfcbd31704a38,BAIIW0001|TIC149913598|S39|SRC_592ccae7b81e4707d3224ddd6f75ca01e7000c022ef117dd81bdfcbd31704a38,149913598,39,2387.361126,2387.36182,2387.364598,PUBLISHED_QPP_REFERENCE,SAME_TIC_ANY_SECTOR,F3AE000008,FROZEN_MEMBER,ALL_SOURCE_QPP_REFERENCES
F3AE000008,F3AP0004,BAIIW0001,1163,SRC_61294e71be3197e5ef50b2d47e7aad44a8455e94c5ea1d9d02e0d99425a31354,BAIIW0001|TIC149913598|S33|SRC_61294e71be3197e5ef50b2d47e7aad44a8455e94c5ea1d9d02e0d99425a31354,149913598,33,2212.557949,2212.558875,2212.561652,PUBLISHED_NOT_SELECTED_REFERENCE,SAME_TIC_ANY_SECTOR,F3AE000007,FROZEN_MEMBER,DETERMINISTIC_1_TO_1_MATCH_WITHOUT_REPLACEMENT
F3AE000009,F3AP0005,BAIIW0001,1258,SRC_840950aa61805b35eab0fe245a14c831bdfffdb256d564525275d621434601ee,BAIIW0001|TIC153977353|S41|SRC_840950aa61805b35eab0fe245a14c831bdfffdb256d564525275d621434601ee,153977353,41,2442.896749,2442.897675,2442.902536,PUBLISHED_QPP_REFERENCE,SAME_TIC_SAME_SECTOR,F3AE000010,FROZEN_MEMBER,ALL_SOURCE_QPP_REFERENCES
F3AE000010,F3AP0005,BAIIW0001,1256,SRC_a59fcc06d691e4e1e3a2401d9ffd3e0493ef5f9408a39d20cb3d1ae3e47a7b82,BAIIW0001|TIC153977353|S41|SRC_a59fcc06d691e4e1e3a2401d9ffd3e0493ef5f9408a39d20cb3d1ae3e47a7b82,153977353,41,2427.798659,2427.799585,2427.803751,PUBLISHED_NOT_SELECTED_REFERENCE,SAME_TIC_SAME_SECTOR,F3AE000009,FROZEN_MEMBER,DETERMINISTIC_1_TO_1_MATCH_WITHOUT_REPLACEMENT
F3AE000011,F3AP0006,BAIIW0001,1320,SRC_9878aa19a35a47e4515407e0e60cd11af42096bbdfea928015c0ef67778d339e,BAIIW0001|TIC159503663|S47|SRC_9878aa19a35a47e4515407e0e60cd11af42096bbdfea928015c0ef67778d339e,159503663,47,2597.967513,2597.968439,2597.972374,PUBLISHED_QPP_REFERENCE,SAME_TIC_ANY_SECTOR,F3AE000012,FROZEN_MEMBER,ALL_SOURCE_QPP_REFERENCES
F3AE000012,F3AP0006,BAIIW0001,1321,SRC_0d4d8dfc83e3b5e49b884a9abdb4196e332bf5b3e9500579dfce492321983307,BAIIW0001|TIC159503663|S53|SRC_0d4d8dfc83e3b5e49b884a9abdb4196e332bf5b3e9500579dfce492321983307,159503663,53,2763.732796,2763.733722,2763.739741,PUBLISHED_NOT_SELECTED_REFERENCE,SAME_TIC_ANY_SECTOR,F3AE000011,FROZEN_MEMBER,DETERMINISTIC_1_TO_1_MATCH_WITHOUT_REPLACEMENT
F3AE000013,F3AP0007,BAIIW0001,1378,SRC_fec3c65239110661248c8ab85a56611d58f02d0405ac6af3a96a729d8a2a2c93,BAIIW0001|TIC160619243|S49|SRC_fec3c65239110661248c8ab85a56611d58f02d0405ac6af3a96a729d8a2a2c93,160619243,49,2662.677869,2662.679258,2662.68736,PUBLISHED_QPP_REFERENCE,SAME_TIC_SAME_SECTOR,F3AE000014,FROZEN_MEMBER,ALL_SOURCE_QPP_REFERENCES
F3AE000014,F3AP0007,BAIIW0001,1377,SRC_f965c46d455ce73164561f0287ce10c05fa631b07e16161a8f385ee793bbaaa2,BAIIW0001|TIC160619243|S49|SRC_f965c46d455ce73164561f0287ce10c05fa631b07e16161a8f385ee793bbaaa2,160619243,49,2656.471746,2656.472672,2656.478922,PUBLISHED_NOT_SELECTED_REFERENCE,SAME_TIC_SAME_SECTOR,F3AE000013,FROZEN_MEMBER,DETERMINISTIC_1_TO_1_MATCH_WITHOUT_REPLACEMENT
F3AE000015,F3AP0008,BAIIW0001,1474,SRC_5e0f9e2425531e6159d7bd0540d0c18e0a80059678152d86a95fd7a455624046,BAIIW0001|TIC167551757|S33|SRC_5e0f9e2425531e6159d7bd0540d0c18e0a80059678152d86a95fd7a455624046,167551757,33,2227.328669,2227.329132,2227.333299,PUBLISHED_QPP_REFERENCE,SAME_TIC_SAME_SECTOR,F3AE000016,FROZEN_MEMBER,ALL_SOURCE_QPP_REFERENCES
F3AE000016,F3AP0008,BAIIW0001,1473,SRC_1ab26399f190bbb90830eee744a678e42cd7301ebbcd42fd28d78c9c226bb737,BAIIW0001|TIC167551757|S33|SRC_1ab26399f190bbb90830eee744a678e42cd7301ebbcd42fd28d78c9c226bb737,167551757,33,2217.9719,2217.972595,2217.975141,PUBLISHED_NOT_SELECTED_REFERENCE,SAME_TIC_SAME_SECTOR,F3AE000015,FROZEN_MEMBER,DETERMINISTIC_1_TO_1_MATCH_WITHOUT_REPLACEMENT
F3AE000017,F3AP0009,BAIIW0001,1781,SRC_954da02dec9434f5cb610c930b66a663e7949a90c8ac87dc82db98a2bb9d43bb,BAIIW0001|TIC213105608|S32|SRC_954da02dec9434f5cb610c930b66a663e7949a90c8ac87dc82db98a2bb9d43bb,213105608,32,2193.105596,2193.106522,2193.108836,PUBLISHED_QPP_REFERENCE,SAME_SECTOR,F3AE000018,FROZEN_MEMBER,ALL_SOURCE_QPP_REFERENCES
F3AE000018,F3AP0009,BAIIW0001,1528,SRC_0778cb41bc42cdfe0a9760ff271ec599443ac94576613cd687e9a872a4de41a0,BAIIW0001|TIC176955267|S32|SRC_0778cb41bc42cdfe0a9760ff271ec599443ac94576613cd687e9a872a4de41a0,176955267,32,2191.125165,2191.125628,2191.128405,PUBLISHED_NOT_SELECTED_REFERENCE,SAME_SECTOR,F3AE000017,FROZEN_MEMBER,DETERMINISTIC_1_TO_1_MATCH_WITHOUT_REPLACEMENT
F3AE000019,F3AP0010,BAIIW0001,1831,SRC_3243537fd3f0eac20a39f1cda4bab16fcedd9425f0aa272ce6cdabb497425b62,BAIIW0001|TIC219790151|S76|SRC_3243537fd3f0eac20a39f1cda4bab16fcedd9425f0aa272ce6cdabb497425b62,219790151,76,3390.607915,3390.608378,3390.615785,PUBLISHED_QPP_REFERENCE,SAME_TIC_SAME_SECTOR,F3AE000020,FROZEN_MEMBER,ALL_SOURCE_QPP_REFERENCES
F3AE000020,F3AP0010,BAIIW0001,1830,SRC_699be5a7265ee4f45304df5d4f4f5cd3ec4cf019b6ee9344226255c1b297e175,BAIIW0001|TIC219790151|S76|SRC_699be5a7265ee4f45304df5d4f4f5cd3ec4cf019b6ee9344226255c1b297e175,219790151,76,3387.40094,3387.401172,3387.407885,PUBLISHED_NOT_SELECTED_REFERENCE,SAME_TIC_SAME_SECTOR,F3AE000019,FROZEN_MEMBER,DETERMINISTIC_1_TO_1_MATCH_WITHOUT_REPLACEMENT
F3AE000021,F3AP0011,BAIIW0001,1891,SRC_926c13347f16dad5a74f4036bcf883b7507bfc4751731aa75eb17cd41e0d2151,BAIIW0001|TIC220433364|S31|SRC_926c13347f16dad5a74f4036bcf883b7507bfc4751731aa75eb17cd41e0d2151,220433364,31,2166.070869,2166.072026,2166.105822,PUBLISHED_QPP_REFERENCE,SAME_TIC_ANY_SECTOR,F3AE000022,FROZEN_MEMBER,ALL_SOURCE_QPP_REFERENCES
F3AE000022,F3AP0011,BAIIW0001,1893,SRC_2987dd7b811c96099b01a81bc13ff3a5263e4e21cf340ecacbed2f49432b40b5,BAIIW0001|TIC220433364|S39|SRC_2987dd7b811c96099b01a81bc13ff3a5263e4e21cf340ecacbed2f49432b40b5,220433364,39,2361.784182,2361.785339,2361.825154,PUBLISHED_NOT_SELECTED_REFERENCE,SAME_TIC_ANY_SECTOR,F3AE000021,FROZEN_MEMBER,DETERMINISTIC_1_TO_1_MATCH_WITHOUT_REPLACEMENT
F3AE000023,F3AP0012,BAIIW0001,1890,SRC_a42fccb9e0627ab1fada448ae7a7707f4f2da7c9570d5a978b758a0b3d65c584,BAIIW0001|TIC220433364|S31|SRC_a42fccb9e0627ab1fada448ae7a7707f4f2da7c9570d5a978b758a0b3d65c584,220433364,31,2165.124807,2165.125964,2165.144483,PUBLISHED_QPP_REFERENCE,SAME_TIC_ANY_SECTOR,F3AE000024,FROZEN_MEMBER,ALL_SOURCE_QPP_REFERENCES
F3AE000024,F3AP0012,BAIIW0001,1892,SRC_8c8a30df0c7819f5db0ef3279e722f632108d276172d448b2e1523b80b89d8a7,BAIIW0001|TIC220433364|S33|SRC_8c8a30df0c7819f5db0ef3279e722f632108d276172d448b2e1523b80b89d8a7,220433364,33,2202.726538,2202.727,2202.736491,PUBLISHED_NOT_SELECTED_REFERENCE,SAME_TIC_ANY_SECTOR,F3AE000023,FROZEN_MEMBER,DETERMINISTIC_1_TO_1_MATCH_WITHOUT_REPLACEMENT
F3AE000025,F3AP0013,BAIIW0001,1939,SRC_bea3a759c10053b5051a3c9cc560950fcd646ebd106cdcbad5eca8226748cb3c,BAIIW0001|TIC225953237|S38|SRC_bea3a759c10053b5051a3c9cc560950fcd646ebd106cdcbad5eca8226748cb3c,225953237,38,2345.223856,2345.224319,2345.228023,PUBLISHED_QPP_REFERENCE,SAME_TIC_SAME_SECTOR,F3AE000026,FROZEN_MEMBER,ALL_SOURCE_QPP_REFERENCES
F3AE000026,F3AP0013,BAIIW0001,1940,SRC_045e8f8d0a22c7306186df1b71410aa811f951b24e9b345b4b7fd73a5cc691c6,BAIIW0001|TIC225953237|S38|SRC_045e8f8d0a22c7306186df1b71410aa811f951b24e9b345b4b7fd73a5cc691c6,225953237,38,2349.891231,2349.891925,2349.894703,PUBLISHED_NOT_SELECTED_REFERENCE,SAME_TIC_SAME_SECTOR,F3AE000025,FROZEN_MEMBER,DETERMINISTIC_1_TO_1_MATCH_WITHOUT_REPLACEMENT
F3AE000027,F3AP0014,BAIIW0001,2096,SRC_bddb856d2e12e3ccc1d33a59325166a98a814aa9bd7fdcf1b896af46327e1d17,BAIIW0001|TIC231914259|S28|SRC_bddb856d2e12e3ccc1d33a59325166a98a814aa9bd7fdcf1b896af46327e1d17,231914259,28,2071.283587,2071.284282,2071.290763,PUBLISHED_QPP_REFERENCE,SAME_TIC_SAME_SECTOR,F3AE000028,FROZEN_MEMBER,ALL_SOURCE_QPP_REFERENCES
F3AE000028,F3AP0014,BAIIW0001,2097,SRC_2096eef46db4730ce766450a761371d7a16ecc9c7522350321beb405a5bc80dd,BAIIW0001|TIC231914259|S28|SRC_2096eef46db4730ce766450a761371d7a16ecc9c7522350321beb405a5bc80dd,231914259,28,2077.901913,2077.902376,2077.909783,PUBLISHED_NOT_SELECTED_REFERENCE,SAME_TIC_SAME_SECTOR,F3AE000027,FROZEN_MEMBER,DETERMINISTIC_1_TO_1_MATCH_WITHOUT_REPLACEMENT
F3AE000029,F3AP0015,BAIIW0001,2140,SRC_7c67f7d5d854bb5868a21473e436b07534622864e9cf07a5c15da1835057c407,BAIIW0001|TIC233342788|S76|SRC_7c67f7d5d854bb5868a21473e436b07534622864e9cf07a5c15da1835057c407,233342788,76,3377.944229,3377.945618,3377.961358,PUBLISHED_QPP_REFERENCE,SAME_TIC_SAME_SECTOR,F3AE000030,FROZEN_MEMBER,ALL_SOURCE_QPP_REFERENCES
F3AE000030,F3AP0015,BAIIW0001,2141,SRC_fce00f324d8381a044bbe3e90fe0a1c78862490bb33bada8146cc8991d4d1cdd,BAIIW0001|TIC233342788|S76|SRC_fce00f324d8381a044bbe3e90fe0a1c78862490bb33bada8146cc8991d4d1cdd,233342788,76,3383.737097,3383.737329,3383.766727,PUBLISHED_NOT_SELECTED_REFERENCE,SAME_TIC_SAME_SECTOR,F3AE000029,FROZEN_MEMBER,DETERMINISTIC_1_TO_1_MATCH_WITHOUT_REPLACEMENT
F3AE000031,F3AP0016,BAIIW0001,2166,SRC_eb0b88f4c884fb9625488480428ebb36288c74334047998f494b559d73a4f9af,BAIIW0001|TIC233745344|S52|SRC_eb0b88f4c884fb9625488480428ebb36288c74334047998f494b559d73a4f9af,233745344,52,2732.799429,2732.800123,2732.806373,PUBLISHED_QPP_REFERENCE,SAME_TIC_SAME_SECTOR,F3AE000032,FROZEN_MEMBER,ALL_SOURCE_QPP_REFERENCES
F3AE000032,F3AP0016,BAIIW0001,2167,SRC_3d026782ee3b8ce85fd1b6867ff9158dd0a13f6f9d0a51e828dc0c2007fe142f,BAIIW0001|TIC233745344|S52|SRC_3d026782ee3b8ce85fd1b6867ff9158dd0a13f6f9d0a51e828dc0c2007fe142f,233745344,52,2738.591131,2738.592288,2738.596686,PUBLISHED_NOT_SELECTED_REFERENCE,SAME_TIC_SAME_SECTOR,F3AE000031,FROZEN_MEMBER,DETERMINISTIC_1_TO_1_MATCH_WITHOUT_REPLACEMENT
F3AE000033,F3AP0017,BAIIW0001,2212,SRC_3a764967f8168620969c9d985143a8dc71968721d4472e5c69b67a01af3d4b97,BAIIW0001|TIC238194430|S32|SRC_3a764967f8168620969c9d985143a8dc71968721d4472e5c69b67a01af3d4b97,238194430,32,2178.105306,2178.106001,2178.108779,PUBLISHED_QPP_REFERENCE,SAME_TIC_SAME_SECTOR,F3AE000034,FROZEN_MEMBER,ALL_SOURCE_QPP_REFERENCES
F3AE000034,F3AP0017,BAIIW0001,2213,SRC_39a0f5152e38b0ef397c973ba093e9a39b8daac0788254f95afea6fe944a6ca3,BAIIW0001|TIC238194430|S32|SRC_39a0f5152e38b0ef397c973ba093e9a39b8daac0788254f95afea6fe944a6ca3,238194430,32,2179.585366,2179.586524,2179.59069,PUBLISHED_NOT_SELECTED_REFERENCE,SAME_TIC_SAME_SECTOR,F3AE000033,FROZEN_MEMBER,DETERMINISTIC_1_TO_1_MATCH_WITHOUT_REPLACEMENT
F3AE000035,F3AP0018,BAIIW0001,2227,SRC_70d4809d665f73faa58728e13d4a51e29fd5bc0816828d7a3f5d0a4ba5d276e2,BAIIW0001|TIC239134011|S45|SRC_70d4809d665f73faa58728e13d4a51e29fd5bc0816828d7a3f5d0a4ba5d276e2,239134011,45,2546.421667,2546.422593,2546.429075,PUBLISHED_QPP_REFERENCE,SAME_TIC_SAME_SECTOR,F3AE000036,FROZEN_MEMBER,ALL_SOURCE_QPP_REFERENCES
F3AE000036,F3AP0018,BAIIW0001,2228,SRC_e848e46a94d9a45c0c61a84f2a995b78dd3611507ada5fd6309b0877d0873d6d,BAIIW0001|TIC239134011|S45|SRC_e848e46a94d9a45c0c61a84f2a995b78dd3611507ada5fd6309b0877d0873d6d,239134011,45,2547.929867,2547.930793,2547.93357,PUBLISHED_NOT_SELECTED_REFERENCE,SAME_TIC_SAME_SECTOR,F3AE000035,FROZEN_MEMBER,DETERMINISTIC_1_TO_1_MATCH_WITHOUT_REPLACEMENT
F3AE000037,F3AP0019,BAIIW0001,172,SRC_f76eb611af88c9b51af973a84440ba53003a88cd88ca62771f72d6a79d91b509,BAIIW0001|TIC24518895|S32|SRC_f76eb611af88c9b51af973a84440ba53003a88cd88ca62771f72d6a79d91b509,24518895,32,2198.799707,2198.800633,2198.805725,PUBLISHED_QPP_REFERENCE,SAME_TIC_SAME_SECTOR,F3AE000038,FROZEN_MEMBER,ALL_SOURCE_QPP_REFERENCES
F3AE000038,F3AP0019,BAIIW0001,171,SRC_20576ea29a30324e02be0de530c7e6c4540779747b8c6e6bf1266001de7aa3ac,BAIIW0001|TIC24518895|S32|SRC_20576ea29a30324e02be0de530c7e6c4540779747b8c6e6bf1266001de7aa3ac,24518895,32,2180.577182,2180.577876,2180.584821,PUBLISHED_NOT_SELECTED_REFERENCE,SAME_TIC_SAME_SECTOR,F3AE000037,FROZEN_MEMBER,DETERMINISTIC_1_TO_1_MATCH_WITHOUT_REPLACEMENT
F3AE000039,F3AP0020,BAIIW0001,2460,SRC_8f6f940d2de382bd21db35dc2f10eb75d732ce50e87403016a9383c1f23a0ece,BAIIW0001|TIC268510757|S70|SRC_8f6f940d2de382bd21db35dc2f10eb75d732ce50e87403016a9383c1f23a0ece,268510757,70,3210.227137,3210.228295,3210.235703,PUBLISHED_QPP_REFERENCE,SAME_SECTOR,F3AE000040,FROZEN_MEMBER,ALL_SOURCE_QPP_REFERENCES
F3AE000040,F3AP0020,BAIIW0001,869,SRC_07c98671d049eebc4d7a402c07fcdafb0e29928368e8fe28027d3d79665ec499,BAIIW0001|TIC118820774|S70|SRC_07c98671d049eebc4d7a402c07fcdafb0e29928368e8fe28027d3d79665ec499,118820774,70,3224.070179,3224.070411,3224.07805,PUBLISHED_NOT_SELECTED_REFERENCE,SAME_SECTOR,F3AE000039,FROZEN_MEMBER,DETERMINISTIC_1_TO_1_MATCH_WITHOUT_REPLACEMENT
F3AE000041,F3AP0021,BAIIW0001,2563,SRC_daf0da136e7743912aa20687f573720c915c236293bbc2e148bb71c4bfc6dbbd,BAIIW0001|TIC273416539|S68|SRC_daf0da136e7743912aa20687f573720c915c236293bbc2e148bb71c4bfc6dbbd,273416539,68,3161.753388,3161.754545,3161.757786,PUBLISHED_QPP_REFERENCE,SAME_TIC_SAME_SECTOR,F3AE000042,FROZEN_MEMBER,ALL_SOURCE_QPP_REFERENCES
F3AE000042,F3AP0021,BAIIW0001,2564,SRC_f3aa5ba438a41e5be6a7a26e0b561a1f0eb87d11a7d74c282b2e84f92f1fb978,BAIIW0001|TIC273416539|S68|SRC_f3aa5ba438a41e5be6a7a26e0b561a1f0eb87d11a7d74c282b2e84f92f1fb978,273416539,68,3177.1568,3177.157262,3177.159114,PUBLISHED_NOT_SELECTED_REFERENCE,SAME_TIC_SAME_SECTOR,F3AE000041,FROZEN_MEMBER,DETERMINISTIC_1_TO_1_MATCH_WITHOUT_REPLACEMENT
F3AE000043,F3AP0022,BAIIW0001,2713,SRC_81040ec9a19cb8f74a284aa41a2aa3294b86928c8711715031ed87aeb5576110,BAIIW0001|TIC289840928|S68|SRC_81040ec9a19cb8f74a284aa41a2aa3294b86928c8711715031ed87aeb5576110,289840928,68,3175.262856,3175.263782,3175.266791,PUBLISHED_QPP_REFERENCE,SAME_SECTOR,F3AE000044,FROZEN_MEMBER,ALL_SOURCE_QPP_REFERENCES
F3AE000044,F3AP0022,BAIIW0001,541,SRC_14d37bf8cf44f8dd5f77f188fe0dbca34c17b4cb73327ef98c9c25cbebfc36e3,BAIIW0001|TIC52153067|S68|SRC_14d37bf8cf44f8dd5f77f188fe0dbca34c17b4cb73327ef98c9c25cbebfc36e3,52153067,68,3175.49004,3175.490734,3175.493975,PUBLISHED_NOT_SELECTED_REFERENCE,SAME_SECTOR,F3AE000043,FROZEN_MEMBER,DETERMINISTIC_1_TO_1_MATCH_WITHOUT_REPLACEMENT
F3AE000045,F3AP0023,BAIIW0001,2758,SRC_90078c0ff846c4f4fa6201efad8343a3facb1d411e879f438e55c37af1c89295,BAIIW0001|TIC294750180|S30|SRC_90078c0ff846c4f4fa6201efad8343a3facb1d411e879f438e55c37af1c89295,294750180,30,2140.849793,2140.850719,2140.857663,PUBLISHED_QPP_REFERENCE,SAME_TIC_SAME_SECTOR,F3AE000046,FROZEN_MEMBER,ALL_SOURCE_QPP_REFERENCES
F3AE000046,F3AP0023,BAIIW0001,2755,SRC_dd891f24e9226941dcc0aca83259d347f12e2e4a0657fe376d5a5eb9369d90f4,BAIIW0001|TIC294750180|S30|SRC_dd891f24e9226941dcc0aca83259d347f12e2e4a0657fe376d5a5eb9369d90f4,294750180,30,2124.459706,2124.461095,2124.467345,PUBLISHED_NOT_SELECTED_REFERENCE,SAME_TIC_SAME_SECTOR,F3AE000045,FROZEN_MEMBER,DETERMINISTIC_1_TO_1_MATCH_WITHOUT_REPLACEMENT
F3AE000047,F3AP0024,BAIIW0001,2821,SRC_8cfea57ecf9c2016427a2c9b99efcc5d555016a13cc5ddfe27ace7b4f86aef63,BAIIW0001|TIC303443210|S63|SRC_8cfea57ecf9c2016427a2c9b99efcc5d555016a13cc5ddfe27ace7b4f86aef63,303443210,63,3014.444384,3014.445078,3014.458504,PUBLISHED_QPP_REFERENCE,SAME_TIC_SAME_SECTOR,F3AE000048,FROZEN_MEMBER,ALL_SOURCE_QPP_REFERENCES
F3AE000048,F3AP0024,BAIIW0001,2822,SRC_f92a4526658326aaeb37d0d454eee2853671dbde638c03cb3fc76d3d22b9000e,BAIIW0001|TIC303443210|S63|SRC_f92a4526658326aaeb37d0d454eee2853671dbde638c03cb3fc76d3d22b9000e,303443210,63,3023.343158,3023.343853,3023.358436,PUBLISHED_NOT_SELECTED_REFERENCE,SAME_TIC_SAME_SECTOR,F3AE000047,FROZEN_MEMBER,DETERMINISTIC_1_TO_1_MATCH_WITHOUT_REPLACEMENT
F3AE000049,F3AP0025,BAIIW0001,2823,SRC_379f6655dfeb3ac09cf0e3ff1c0f64369729e1b34e74e6c0b52579bb394bafd1,BAIIW0001|TIC303443210|S64|SRC_379f6655dfeb3ac09cf0e3ff1c0f64369729e1b34e74e6c0b52579bb394bafd1,303443210,64,3051.696196,3051.696428,3051.705687,PUBLISHED_QPP_REFERENCE,SAME_TIC_SAME_SECTOR,F3AE000050,FROZEN_MEMBER,ALL_SOURCE_QPP_REFERENCES
F3AE000050,F3AP0025,BAIIW0001,2824,SRC_af7338b38def1c2e3d5051e1d45669b0f2f77144f06179bb6d67248b86505d28,BAIIW0001|TIC303443210|S64|SRC_af7338b38def1c2e3d5051e1d45669b0f2f77144f06179bb6d67248b86505d28,303443210,64,3060.339485,3060.340642,3060.348049,PUBLISHED_NOT_SELECTED_REFERENCE,SAME_TIC_SAME_SECTOR,F3AE000049,FROZEN_MEMBER,DETERMINISTIC_1_TO_1_MATCH_WITHOUT_REPLACEMENT
F3AE000051,F3AP0026,BAIIW0001,2843,SRC_20fcafd66228fcf9c0220909d59e36f2624818d973df1e5422ff0c6024572556,BAIIW0001|TIC306485634|S71|SRC_20fcafd66228fcf9c0220909d59e36f2624818d973df1e5422ff0c6024572556,306485634,71,3252.613374,3252.613837,3252.618004,PUBLISHED_QPP_REFERENCE,SAME_TIC_ANY_SECTOR,F3AE000052,FROZEN_MEMBER,ALL_SOURCE_QPP_REFERENCES
F3AE000052,F3AP0026,BAIIW0001,2839,SRC_4ae778a587fad69912634a29276719eef3c0fae29e191826835a0a833d923bd9,BAIIW0001|TIC306485634|S70|SRC_4ae778a587fad69912634a29276719eef3c0fae29e191826835a0a833d923bd9,306485634,70,3209.389742,3209.390436,3209.394372,PUBLISHED_NOT_SELECTED_REFERENCE,SAME_TIC_ANY_SECTOR,F3AE000051,FROZEN_MEMBER,DETERMINISTIC_1_TO_1_MATCH_WITHOUT_REPLACEMENT
F3AE000053,F3AP0027,BAIIW0001,2859,SRC_0bf6cf2680125be5897015e90433a0985d5d903c8909a87098cb19ea9a7e1cf0,BAIIW0001|TIC308543286|S35|SRC_0bf6cf2680125be5897015e90433a0985d5d903c8909a87098cb19ea9a7e1cf0,308543286,35,2262.273155,2262.274081,2262.276164,PUBLISHED_QPP_REFERENCE,SAME_TIC_SAME_SECTOR,F3AE000054,FROZEN_MEMBER,ALL_SOURCE_QPP_REFERENCES
F3AE000054,F3AP0027,BAIIW0001,2860,SRC_7e8fc006969c9e988a0714de9a27d84b129771fe9617fe02c2cf4c34422c8f19,BAIIW0001|TIC308543286|S35|SRC_7e8fc006969c9e988a0714de9a27d84b129771fe9617fe02c2cf4c34422c8f19,308543286,35,2263.83197,2263.832665,2263.834516,PUBLISHED_NOT_SELECTED_REFERENCE,SAME_TIC_SAME_SECTOR,F3AE000053,FROZEN_MEMBER,DETERMINISTIC_1_TO_1_MATCH_WITHOUT_REPLACEMENT
F3AE000055,F3AP0028,BAIIW0001,2924,SRC_89ee1bcd86be429bd1f965880511267b059190f400759349cd17ed65f651b774,BAIIW0001|TIC322950055|S67|SRC_89ee1bcd86be429bd1f965880511267b059190f400759349cd17ed65f651b774,322950055,67,3150.217615,3150.218541,3150.230577,PUBLISHED_QPP_REFERENCE,SAME_TIC_ANY_SECTOR,F3AE000056,FROZEN_MEMBER,ALL_SOURCE_QPP_REFERENCES
F3AE000056,F3AP0028,BAIIW0001,2923,SRC_2cf1a8669e0cfaef259db6ba63b242c920439bb18c60125512bc735104eafff2,BAIIW0001|TIC322950055|S66|SRC_2cf1a8669e0cfaef259db6ba63b242c920439bb18c60125512bc735104eafff2,322950055,66,3113.728085,3113.729473,3113.734103,PUBLISHED_NOT_SELECTED_REFERENCE,SAME_TIC_ANY_SECTOR,F3AE000055,FROZEN_MEMBER,DETERMINISTIC_1_TO_1_MATCH_WITHOUT_REPLACEMENT
F3AE000057,F3AP0029,BAIIW0001,2936,SRC_8acf8df8c03f1d8b9c4a33222ccb7a1f1edd341477bdf1a44669149d64a93e4e,BAIIW0001|TIC325525541|S67|SRC_8acf8df8c03f1d8b9c4a33222ccb7a1f1edd341477bdf1a44669149d64a93e4e,325525541,67,3144.016168,3144.018251,3144.024038,PUBLISHED_QPP_REFERENCE,SAME_TIC_ANY_SECTOR,F3AE000058,FROZEN_MEMBER,ALL_SOURCE_QPP_REFERENCES
F3AE000058,F3AP0029,BAIIW0001,2935,SRC_47b7557396f0ef79c5f9e28f27353495a2f59f4e325e6fff405cc5bca80dd055,BAIIW0001|TIC325525541|S66|SRC_47b7557396f0ef79c5f9e28f27353495a2f59f4e325e6fff405cc5bca80dd055,325525541,66,3105.804841,3105.805535,3105.808313,PUBLISHED_NOT_SELECTED_REFERENCE,SAME_TIC_ANY_SECTOR,F3AE000057,FROZEN_MEMBER,DETERMINISTIC_1_TO_1_MATCH_WITHOUT_REPLACEMENT
F3AE000059,F3AP0030,BAIIW0001,387,SRC_d108a0c2711241c33c228f091b35481ca7b4d517779f6c379070eaf06767cb28,BAIIW0001|TIC33878971|S35|SRC_d108a0c2711241c33c228f091b35481ca7b4d517779f6c379070eaf06767cb28,33878971,35,2259.762276,2259.763202,2259.768295,PUBLISHED_QPP_REFERENCE,SAME_TIC_ANY_SECTOR,F3AE000060,FROZEN_MEMBER,ALL_SOURCE_QPP_REFERENCES
F3AE000060,F3AP0030,BAIIW0001,391,SRC_819af30f139aca9c285daecbbc9d441b7fb2844d2c0cffefe517ce2f8ea5c6a7,BAIIW0001|TIC33878971|S38|SRC_819af30f139aca9c285daecbbc9d441b7fb2844d2c0cffefe517ce2f8ea5c6a7,33878971,38,2356.486688,2356.488077,2356.493169,PUBLISHED_NOT_SELECTED_REFERENCE,SAME_TIC_ANY_SECTOR,F3AE000059,FROZEN_MEMBER,DETERMINISTIC_1_TO_1_MATCH_WITHOUT_REPLACEMENT
F3AE000061,F3AP0031,BAIIW0001,2970,SRC_a852b6dfef0c41da83d4dcb32874b125849aaf80579f2818011b95c775675912,BAIIW0001|TIC339668420|S33|SRC_a852b6dfef0c41da83d4dcb32874b125849aaf80579f2818011b95c775675912,339668420,33,2221.134677,2221.136297,2221.161297,PUBLISHED_QPP_REFERENCE,SAME_TIC_ANY_SECTOR,F3AE000062,FROZEN_MEMBER,ALL_SOURCE_QPP_REFERENCES
F3AE000062,F3AP0031,BAIIW0001,2971,SRC_7d935074145a1d7bba3421908aa95bc5ead136dcac36553b2861831228f92304,BAIIW0001|TIC339668420|S34|SRC_7d935074145a1d7bba3421908aa95bc5ead136dcac36553b2861831228f92304,339668420,34,2233.36005,2233.361439,2233.381116,PUBLISHED_NOT_SELECTED_REFERENCE,SAME_TIC_ANY_SECTOR,F3AE000061,FROZEN_MEMBER,DETERMINISTIC_1_TO_1_MATCH_WITHOUT_REPLACEMENT
F3AE000063,F3AP0032,BAIIW0001,3007,SRC_42cc94e7e8507b17d6ce95c36fa908c7323760edcfd24a1fdd5f3be05ba6a550,BAIIW0001|TIC345451496|S71|SRC_42cc94e7e8507b17d6ce95c36fa908c7323760edcfd24a1fdd5f3be05ba6a550,345451496,71,3252.22119,3252.221421,3252.263552,PUBLISHED_QPP_REFERENCE,SAME_SECTOR,F3AE000064,FROZEN_MEMBER,ALL_SOURCE_QPP_REFERENCES
F3AE000064,F3AP0032,BAIIW0001,603,SRC_1c5c097d08daaf47908e64448110afca5bc492e75465262b201182460a034ff0,BAIIW0001|TIC60874953|S71|SRC_1c5c097d08daaf47908e64448110afca5bc492e75465262b201182460a034ff0,60874953,71,3235.99131,3235.992005,3236.013071,PUBLISHED_NOT_SELECTED_REFERENCE,SAME_SECTOR,F3AE000063,FROZEN_MEMBER,DETERMINISTIC_1_TO_1_MATCH_WITHOUT_REPLACEMENT
F3AE000065,F3AP0033,BAIIW0001,3006,SRC_450943ea4f9df9f247c7652ef6c662e96a491e00ec93732465a155aeff94d74b,BAIIW0001|TIC345451496|S71|SRC_450943ea4f9df9f247c7652ef6c662e96a491e00ec93732465a155aeff94d74b,345451496,71,3252.217949,3252.218412,3252.267487,PUBLISHED_QPP_REFERENCE,SAME_SECTOR,F3AE000066,FROZEN_MEMBER,ALL_SOURCE_QPP_REFERENCES
F3AE000066,F3AP0033,BAIIW0001,2260,SRC_1ccae046ea716e12d1e87c1cdad17c237b0b10ad1924023d1e14810dcb156b83,BAIIW0001|TIC245823882|S71|SRC_1ccae046ea716e12d1e87c1cdad17c237b0b10ad1924023d1e14810dcb156b83,245823882,71,3235.433769,3235.434464,3235.452289,PUBLISHED_NOT_SELECTED_REFERENCE,SAME_SECTOR,F3AE000065,FROZEN_MEMBER,DETERMINISTIC_1_TO_1_MATCH_WITHOUT_REPLACEMENT
F3AE000067,F3AP0034,BAIIW0001,3009,SRC_93d1e6b78d062d8aa47e7a37518ba0af181ed9a17fdba3187014ba83f068c14f,BAIIW0001|TIC346580515|S53|SRC_93d1e6b78d062d8aa47e7a37518ba0af181ed9a17fdba3187014ba83f068c14f,346580515,53,2757.223577,2757.224734,2757.229364,PUBLISHED_QPP_REFERENCE,SAME_SECTOR,F3AE000068,FROZEN_MEMBER,ALL_SOURCE_QPP_REFERENCES
F3AE000068,F3AP0034,BAIIW0001,1386,SRC_b0922a408187e0196c8a1b431535639ea034387263e2f2b8dce829c6131aa6bf,BAIIW0001|TIC160619243|S53|SRC_b0922a408187e0196c8a1b431535639ea034387263e2f2b8dce829c6131aa6bf,160619243,53,2764.624445,2764.625602,2764.630463,PUBLISHED_NOT_SELECTED_REFERENCE,SAME_SECTOR,F3AE000067,FROZEN_MEMBER,DETERMINISTIC_1_TO_1_MATCH_WITHOUT_REPLACEMENT
F3AE000069,F3AP0035,BAIIW0001,3027,SRC_0c8a8c88175279e8237ad18755db9c5f96af83684c95ed04638bb784f20ffbbe,BAIIW0001|TIC348898049|S33|SRC_0c8a8c88175279e8237ad18755db9c5f96af83684c95ed04638bb784f20ffbbe,348898049,33,2203.079285,2203.080442,2203.085767,PUBLISHED_QPP_REFERENCE,SAME_TIC_ANY_SECTOR,F3AE000070,FROZEN_MEMBER,ALL_SOURCE_QPP_REFERENCES
F3AE000070,F3AP0035,BAIIW0001,3030,SRC_8ee702b13fbe86138aa789872c278189eee0aae57ba60926225459eb617dd128,BAIIW0001|TIC348898049|S61|SRC_8ee702b13fbe86138aa789872c278189eee0aae57ba60926225459eb617dd128,348898049,61,2982.443524,2982.44445,2982.450469,PUBLISHED_NOT_SELECTED_REFERENCE,SAME_TIC_ANY_SECTOR,F3AE000069,FROZEN_MEMBER,DETERMINISTIC_1_TO_1_MATCH_WITHOUT_REPLACEMENT
F3AE000071,F3AP0036,BAIIW0001,3032,SRC_05f068a919215f8db7667fc0a9a9d995ceb80832c9f2599f74a9aa5168eb140d,BAIIW0001|TIC348898049|S63|SRC_05f068a919215f8db7667fc0a9a9d995ceb80832c9f2599f74a9aa5168eb140d,348898049,63,3037.018669,3037.019826,3037.041817,PUBLISHED_QPP_REFERENCE,SAME_TIC_ANY_SECTOR,F3AE000072,FROZEN_MEMBER,ALL_SOURCE_QPP_REFERENCES
F3AE000072,F3AP0036,BAIIW0001,3023,SRC_5443798c6d4f84935ac3baafa42487554a3c3a3eaa3315f047e394181675beb8,BAIIW0001|TIC348898049|S29|SRC_5443798c6d4f84935ac3baafa42487554a3c3a3eaa3315f047e394181675beb8,348898049,29,2103.194052,2103.194978,2103.20933,PUBLISHED_NOT_SELECTED_REFERENCE,SAME_TIC_ANY_SECTOR,F3AE000071,FROZEN_MEMBER,DETERMINISTIC_1_TO_1_MATCH_WITHOUT_REPLACEMENT
F3AE000073,F3AP0037,BAIIW0001,3068,SRC_4e0bcde2b271e823e1d9d46a00fc8a7d331fe515148a8785bc9f47875589e526,BAIIW0001|TIC350166984|S80|SRC_4e0bcde2b271e823e1d9d46a00fc8a7d331fe515148a8785bc9f47875589e526,350166984,80,3493.081798,3493.082029,3493.083881,PUBLISHED_QPP_REFERENCE,SAME_SECTOR,F3AE000074,FROZEN_MEMBER,ALL_SOURCE_QPP_REFERENCES
F3AE000074,F3AP0037,BAIIW0001,2956,SRC_8cc3b88fc3f4000c66ca91eaea256faf547625e037051b5306e11bd3573ccb82,BAIIW0001|TIC334011023|S80|SRC_8cc3b88fc3f4000c66ca91eaea256faf547625e037051b5306e11bd3573ccb82,334011023,80,3485.461527,3485.461759,3485.46361,PUBLISHED_NOT_SELECTED_REFERENCE,SAME_SECTOR,F3AE000073,FROZEN_MEMBER,DETERMINISTIC_1_TO_1_MATCH_WITHOUT_REPLACEMENT
F3AE000075,F3AP0038,BAIIW0001,3091,SRC_185998bed99471ae7c5ad93be9e5787546301b22e64a69dd3fd31adfb2beb7c8,BAIIW0001|TIC355766445|S28|SRC_185998bed99471ae7c5ad93be9e5787546301b22e64a69dd3fd31adfb2beb7c8,355766445,28,2070.211398,2070.212092,2070.227139,PUBLISHED_QPP_REFERENCE,SAME_TIC_SAME_SECTOR,F3AE000076,FROZEN_MEMBER,ALL_SOURCE_QPP_REFERENCES
F3AE000076,F3AP0038,BAIIW0001,3092,SRC_8130ec0d748f779db9fbd84ca58c68a8c56bc38286798d4731a0ae5d457e34c3,BAIIW0001|TIC355766445|S28|SRC_8130ec0d748f779db9fbd84ca58c68a8c56bc38286798d4731a0ae5d457e34c3,355766445,28,2080.238256,2080.238951,2080.242654,PUBLISHED_NOT_SELECTED_REFERENCE,SAME_TIC_SAME_SECTOR,F3AE000075,FROZEN_MEMBER,DETERMINISTIC_1_TO_1_MATCH_WITHOUT_REPLACEMENT
F3AE000077,F3AP0039,BAIIW0001,3100,SRC_fbc530906af6883494456e328f807f6cc31b748d4b0914a73636c8ffdfc39521,BAIIW0001|TIC356539820|S41|SRC_fbc530906af6883494456e328f807f6cc31b748d4b0914a73636c8ffdfc39521,356539820,41,2437.864912,2437.865606,2437.869078,PUBLISHED_QPP_REFERENCE,SAME_TIC_SAME_SECTOR,F3AE000078,FROZEN_MEMBER,ALL_SOURCE_QPP_REFERENCES
F3AE000078,F3AP0039,BAIIW0001,3102,SRC_e24530879ca905f83bc859ba19bbf59c8907e29bcf9b2d7c61ba28608d44e08e,BAIIW0001|TIC356539820|S41|SRC_e24530879ca905f83bc859ba19bbf59c8907e29bcf9b2d7c61ba28608d44e08e,356539820,41,2444.507627,2444.507859,2444.511794,PUBLISHED_NOT_SELECTED_REFERENCE,SAME_TIC_SAME_SECTOR,F3AE000077,FROZEN_MEMBER,DETERMINISTIC_1_TO_1_MATCH_WITHOUT_REPLACEMENT
F3AE000079,F3AP0040,BAIIW0001,3136,SRC_74985b3b3efb5b52b147cadd2934c4be5daf6c58f416c80fbac7ed90ebd34553,BAIIW0001|TIC358176584|S28|SRC_74985b3b3efb5b52b147cadd2934c4be5daf6c58f416c80fbac7ed90ebd34553,358176584,28,2067.427519,2067.428677,2067.431917,PUBLISHED_QPP_REFERENCE,SAME_TIC_SAME_SECTOR,F3AE000080,FROZEN_MEMBER,ALL_SOURCE_QPP_REFERENCES
F3AE000080,F3AP0040,BAIIW0001,3138,SRC_da06780b51299dcd7e4e285a5e5333f8d0caca7f3c97c0b74f50f0f7d4ae0017,BAIIW0001|TIC358176584|S28|SRC_da06780b51299dcd7e4e285a5e5333f8d0caca7f3c97c0b74f50f0f7d4ae0017,358176584,28,2083.737165,2083.738091,2083.742721,PUBLISHED_NOT_SELECTED_REFERENCE,SAME_TIC_SAME_SECTOR,F3AE000079,FROZEN_MEMBER,DETERMINISTIC_1_TO_1_MATCH_WITHOUT_REPLACEMENT
F3AE000081,F3AP0041,BAIIW0001,3195,SRC_7db25d96470c6409d3c9d9060c160e9761f61f4320c7dbc07ab2593300e63d83,BAIIW0001|TIC364588501|S32|SRC_7db25d96470c6409d3c9d9060c160e9761f61f4320c7dbc07ab2593300e63d83,364588501,32,2180.440035,2180.44073,2180.443276,PUBLISHED_QPP_REFERENCE,SAME_TIC_SAME_SECTOR,F3AE000082,FROZEN_MEMBER,ALL_SOURCE_QPP_REFERENCES
F3AE000082,F3AP0041,BAIIW0001,3196,SRC_b8611afae7d74f0ed5f4df9845252745bf5d223f1bf50bbbb47fcdd78c6a3267,BAIIW0001|TIC364588501|S32|SRC_b8611afae7d74f0ed5f4df9845252745bf5d223f1bf50bbbb47fcdd78c6a3267,364588501,32,2194.136926,2194.139009,2194.146648,PUBLISHED_NOT_SELECTED_REFERENCE,SAME_TIC_SAME_SECTOR,F3AE000081,FROZEN_MEMBER,DETERMINISTIC_1_TO_1_MATCH_WITHOUT_REPLACEMENT
F3AE000083,F3AP0042,BAIIW0001,3332,SRC_66b2f5febbab06dc574c5b3089c29ad2d498ae159c9cd483461515fef0321e71,BAIIW0001|TIC382258517|S30|SRC_66b2f5febbab06dc574c5b3089c29ad2d498ae159c9cd483461515fef0321e71,382258517,30,2118.282592,2118.283981,2118.291157,PUBLISHED_QPP_REFERENCE,SAME_TIC_SAME_SECTOR,F3AE000084,FROZEN_MEMBER,ALL_SOURCE_QPP_REFERENCES
F3AE000084,F3AP0042,BAIIW0001,3333,SRC_f2c7e012bbcecb88c75795bab92e412bc50f957f91d22bc27278a3bc4cd4ce28,BAIIW0001|TIC382258517|S30|SRC_f2c7e012bbcecb88c75795bab92e412bc50f957f91d22bc27278a3bc4cd4ce28,382258517,30,2139.275566,2139.276955,2139.285288,PUBLISHED_NOT_SELECTED_REFERENCE,SAME_TIC_SAME_SECTOR,F3AE000083,FROZEN_MEMBER,DETERMINISTIC_1_TO_1_MATCH_WITHOUT_REPLACEMENT
F3AE000085,F3AP0043,BAIIW0001,3362,SRC_7b40fc101052f56ff49329a01ae5890a0809f5ec52807e0cdbd9f29f396edb85,BAIIW0001|TIC382575967|S63|SRC_7b40fc101052f56ff49329a01ae5890a0809f5ec52807e0cdbd9f29f396edb85,382575967,63,3026.683454,3026.685769,3026.697111,PUBLISHED_QPP_REFERENCE,SAME_TIC_SAME_SECTOR,F3AE000086,FROZEN_MEMBER,ALL_SOURCE_QPP_REFERENCES
F3AE000086,F3AP0043,BAIIW0001,3361,SRC_99b70bcbcb5aa56c28ffbb23a6005eea65f8153d1cbf079a38d3529698ae3a8e,BAIIW0001|TIC382575967|S63|SRC_99b70bcbcb5aa56c28ffbb23a6005eea65f8153d1cbf079a38d3529698ae3a8e,382575967,63,3021.70154,3021.702003,3021.706864,PUBLISHED_NOT_SELECTED_REFERENCE,SAME_TIC_SAME_SECTOR,F3AE000085,FROZEN_MEMBER,DETERMINISTIC_1_TO_1_MATCH_WITHOUT_REPLACEMENT
F3AE000087,F3AP0044,BAIIW0001,3427,SRC_17ff29324a44c686ee279cf09fd7cef6851053bcae05a71802a5398d6fbe64c4,BAIIW0001|TIC395130640|S38|SRC_17ff29324a44c686ee279cf09fd7cef6851053bcae05a71802a5398d6fbe64c4,395130640,38,2337.272294,2337.273451,2337.281322,PUBLISHED_QPP_REFERENCE,SAME_TIC_SAME_SECTOR,F3AE000088,FROZEN_MEMBER,ALL_SOURCE_QPP_REFERENCES
F3AE000088,F3AP0044,BAIIW0001,3428,SRC_5d504650aa7810acc6f8262896f8650bc3df2d74d127ff8270f18142207f5481,BAIIW0001|TIC395130640|S38|SRC_5d504650aa7810acc6f8262896f8650bc3df2d74d127ff8270f18142207f5481,395130640,38,2353.12478,2353.125706,2353.130104,PUBLISHED_NOT_SELECTED_REFERENCE,SAME_TIC_SAME_SECTOR,F3AE000087,FROZEN_MEMBER,DETERMINISTIC_1_TO_1_MATCH_WITHOUT_REPLACEMENT
F3AE000089,F3AP0045,BAIIW0001,3494,SRC_173dffb61a5ecd141cc7315e7e155147d9710b32ac9e9970ad7817df4af3066d,BAIIW0001|TIC405040121|S65|SRC_173dffb61a5ecd141cc7315e7e155147d9710b32ac9e9970ad7817df4af3066d,405040121,65,3091.0281,3091.029489,3091.036201,PUBLISHED_QPP_REFERENCE,SAME_TIC_ANY_SECTOR,F3AE000090,FROZEN_MEMBER,ALL_SOURCE_QPP_REFERENCES
F3AE000090,F3AP0045,BAIIW0001,3493,SRC_702434414c76678a233d6136721251d28e373b13fb214dced4384d05bbab8c70,BAIIW0001|TIC405040121|S64|SRC_702434414c76678a233d6136721251d28e373b13fb214dced4384d05bbab8c70,405040121,64,3044.987425,3044.988582,3044.996453,PUBLISHED_NOT_SELECTED_REFERENCE,SAME_TIC_ANY_SECTOR,F3AE000089,FROZEN_MEMBER,DETERMINISTIC_1_TO_1_MATCH_WITHOUT_REPLACEMENT
F3AE000091,F3AP0046,BAIIW0001,3527,SRC_bd43c8a9a549d05d0dfb078d1dcc8e87929f865f85fc2c5c6e76e156ec05ea1e,BAIIW0001|TIC407999987|S44|SRC_bd43c8a9a549d05d0dfb078d1dcc8e87929f865f85fc2c5c6e76e156ec05ea1e,407999987,44,2523.270312,2523.271007,2523.283044,PUBLISHED_QPP_REFERENCE,SAME_TIC_SAME_SECTOR,F3AE000092,FROZEN_MEMBER,ALL_SOURCE_QPP_REFERENCES
F3AE000092,F3AP0046,BAIIW0001,3526,SRC_01be58a64aaccce6e4d0e9e3ba3da587a01ab65f0369fcfb15ae9a2d9c8ab98e,BAIIW0001|TIC407999987|S44|SRC_01be58a64aaccce6e4d0e9e3ba3da587a01ab65f0369fcfb15ae9a2d9c8ab98e,407999987,44,2515.377432,2515.37859,2515.385997,PUBLISHED_NOT_SELECTED_REFERENCE,SAME_TIC_SAME_SECTOR,F3AE000091,FROZEN_MEMBER,DETERMINISTIC_1_TO_1_MATCH_WITHOUT_REPLACEMENT
F3AE000093,F3AP0047,BAIIW0001,3570,SRC_7cfcfcd4901e549670aef7625373863d8bf96c30b149b0f3d7915aff158f5fcc,BAIIW0001|TIC417119788|S49|SRC_7cfcfcd4901e549670aef7625373863d8bf96c30b149b0f3d7915aff158f5fcc,417119788,49,2657.111429,2657.112817,2657.120919,PUBLISHED_QPP_REFERENCE,SAME_SECTOR,F3AE000094,FROZEN_MEMBER,ALL_SOURCE_QPP_REFERENCES
F3AE000094,F3AP0047,BAIIW0001,3732,SRC_7df694df7eaf460dca764b15d8087934f9c0e327dfbc08d20a8839f66f5094d5,BAIIW0001|TIC446175401|S49|SRC_7df694df7eaf460dca764b15d8087934f9c0e327dfbc08d20a8839f66f5094d5,446175401,49,2656.372657,2656.37312,2656.382148,PUBLISHED_NOT_SELECTED_REFERENCE,SAME_SECTOR,F3AE000093,FROZEN_MEMBER,DETERMINISTIC_1_TO_1_MATCH_WITHOUT_REPLACEMENT
F3AE000095,F3AP0048,BAIIW0001,3578,SRC_b771c880c8a5349511da0e667f0ccd5bdb9bb46ad3efff737ccc9284281df03d,BAIIW0001|TIC420031513|S43|SRC_b771c880c8a5349511da0e667f0ccd5bdb9bb46ad3efff737ccc9284281df03d,420031513,43,2479.67729,2479.677984,2479.686549,PUBLISHED_QPP_REFERENCE,SAME_TIC_SAME_SECTOR,F3AE000096,FROZEN_MEMBER,ALL_SOURCE_QPP_REFERENCES
F3AE000096,F3AP0048,BAIIW0001,3579,SRC_2ee72fabf5d301753086357e6a450152939dfe4831cd73410e644d4a7c6d4679,BAIIW0001|TIC420031513|S43|SRC_2ee72fabf5d301753086357e6a450152939dfe4831cd73410e644d4a7c6d4679,420031513,43,2480.984998,2480.985924,2480.9931,PUBLISHED_NOT_SELECTED_REFERENCE,SAME_TIC_SAME_SECTOR,F3AE000095,FROZEN_MEMBER,DETERMINISTIC_1_TO_1_MATCH_WITHOUT_REPLACEMENT
F3AE000097,F3AP0049,BAIIW0001,3616,SRC_45b5724399676baa15e6d6892b653fb396f315d239a79828b84345ed571c111b,BAIIW0001|TIC425933644|S29|SRC_45b5724399676baa15e6d6892b653fb396f315d239a79828b84345ed571c111b,425933644,29,2097.667076,2097.667308,2097.6724,PUBLISHED_QPP_REFERENCE,SAME_TIC_ANY_SECTOR,F3AE000098,FROZEN_MEMBER,ALL_SOURCE_QPP_REFERENCES
F3AE000098,F3AP0049,BAIIW0001,3619,SRC_8488a4b4b41f5bf6cbde8bc7648275fac938d385b57fd6c3a95228c669dd5fd5,BAIIW0001|TIC425933644|S69|SRC_8488a4b4b41f5bf6cbde8bc7648275fac938d385b57fd6c3a95228c669dd5fd5,425933644,69,3203.960593,3203.962445,3203.966843,PUBLISHED_NOT_SELECTED_REFERENCE,SAME_TIC_ANY_SECTOR,F3AE000097,FROZEN_MEMBER,DETERMINISTIC_1_TO_1_MATCH_WITHOUT_REPLACEMENT
F3AE000099,F3AP0050,BAIIW0001,3627,SRC_42aff282fd4d25ce4160e9c01bdab310ce0882f4889bc98e2dac5fa595c3a4d7,BAIIW0001|TIC427346731|S32|SRC_42aff282fd4d25ce4160e9c01bdab310ce0882f4889bc98e2dac5fa595c3a4d7,427346731,32,2194.405017,2194.405943,2194.410573,PUBLISHED_QPP_REFERENCE,SAME_TIC_SAME_SECTOR,F3AE000100,FROZEN_MEMBER,ALL_SOURCE_QPP_REFERENCES
F3AE000100,F3AP0050,BAIIW0001,3628,SRC_1c9f24ad0a2b924891c4ecb0aa304707b696987f46d364332ea01ae84959a0a8,BAIIW0001|TIC427346731|S32|SRC_1c9f24ad0a2b924891c4ecb0aa304707b696987f46d364332ea01ae84959a0a8,427346731,32,2196.567984,2196.568216,2196.571919,PUBLISHED_NOT_SELECTED_REFERENCE,SAME_TIC_SAME_SECTOR,F3AE000099,FROZEN_MEMBER,DETERMINISTIC_1_TO_1_MATCH_WITHOUT_REPLACEMENT
F3AE000101,F3AP0051,BAIIW0001,3645,SRC_94c01c455ff5f320116a8ec032cd02f596d273432d6e3f3762fdec332943e024,BAIIW0001|TIC429354344|S63|SRC_94c01c455ff5f320116a8ec032cd02f596d273432d6e3f3762fdec332943e024,429354344,63,3036.539888,3036.540351,3036.546832,PUBLISHED_QPP_REFERENCE,SAME_TIC_ANY_SECTOR,F3AE000102,FROZEN_MEMBER,ALL_SOURCE_QPP_REFERENCES
F3AE000102,F3AP0051,BAIIW0001,3644,SRC_a30216be407be1f7a4cc12cf736184baf56d8414bde7fc1065442185a864eda6,BAIIW0001|TIC429354344|S37|SRC_a30216be407be1f7a4cc12cf736184baf56d8414bde7fc1065442185a864eda6,429354344,37,2312.594359,2312.595285,2312.606627,PUBLISHED_NOT_SELECTED_REFERENCE,SAME_TIC_ANY_SECTOR,F3AE000101,FROZEN_MEMBER,DETERMINISTIC_1_TO_1_MATCH_WITHOUT_REPLACEMENT
F3AE000103,F3AP0052,BAIIW0001,3646,SRC_e5f4f08a9a0d3c880cb57f34d55285bcf173cc046bb3a5106a448b06da841138,BAIIW0001|TIC429354344|S63|SRC_e5f4f08a9a0d3c880cb57f34d55285bcf173cc046bb3a5106a448b06da841138,429354344,63,3036.542203,3036.542897,3036.545906,PUBLISHED_QPP_REFERENCE,SAME_TIC_ANY_SECTOR,F3AE000104,FROZEN_MEMBER,ALL_SOURCE_QPP_REFERENCES
F3AE000104,F3AP0052,BAIIW0001,3643,SRC_332b9bbda7bc754e19e658cac393e37b9a35677df2ca9626db39f0d722fb34fa,BAIIW0001|TIC429354344|S37|SRC_332b9bbda7bc754e19e658cac393e37b9a35677df2ca9626db39f0d722fb34fa,429354344,37,2310.214044,2310.216127,2310.231173,PUBLISHED_NOT_SELECTED_REFERENCE,SAME_TIC_ANY_SECTOR,F3AE000103,FROZEN_MEMBER,DETERMINISTIC_1_TO_1_MATCH_WITHOUT_REPLACEMENT
F3AE000105,F3AP0053,BAIIW0001,3647,SRC_3083675874a2a13cb560b2e416817a033988d0b614c17e934fc6e801299f42d9,BAIIW0001|TIC431107890|S57|SRC_3083675874a2a13cb560b2e416817a033988d0b614c17e934fc6e801299f42d9,431107890,57,2863.137365,2863.137828,2863.148939,PUBLISHED_QPP_REFERENCE,SAME_TIC_ANY_SECTOR,F3AE000106,FROZEN_MEMBER,ALL_SOURCE_QPP_REFERENCES
F3AE000106,F3AP0053,BAIIW0001,3648,SRC_61299c0ae7065d3f4709983650295479571c63582855c7af2fdfe49d1fba1837,BAIIW0001|TIC431107890|S76|SRC_61299c0ae7065d3f4709983650295479571c63582855c7af2fdfe49d1fba1837,431107890,76,3368.204625,3368.205551,3368.211569,PUBLISHED_NOT_SELECTED_REFERENCE,SAME_TIC_ANY_SECTOR,F3AE000105,FROZEN_MEMBER,DETERMINISTIC_1_TO_1_MATCH_WITHOUT_REPLACEMENT
F3AE000107,F3AP0054,BAIIW0001,3738,SRC_858b13351c6bdcaec295e6743223963cdeeaa38cd4d8a3a029d4e9036ebb1db8,BAIIW0001|TIC452479048|S66|SRC_858b13351c6bdcaec295e6743223963cdeeaa38cd4d8a3a029d4e9036ebb1db8,452479048,66,3112.791575,3112.79227,3112.80014,PUBLISHED_QPP_REFERENCE,SAME_TIC_ANY_SECTOR,F3AE000108,FROZEN_MEMBER,ALL_SOURCE_QPP_REFERENCES
F3AE000108,F3AP0054,BAIIW0001,3737,SRC_4eaccffb0a51aa8d3174cec4cbb0213e7bb7d1b63d99eada86fcbc0b4efb7b81,BAIIW0001|TIC452479048|S65|SRC_4eaccffb0a51aa8d3174cec4cbb0213e7bb7d1b63d99eada86fcbc0b4efb7b81,452479048,65,3094.84314,3094.845454,3094.869065,PUBLISHED_NOT_SELECTED_REFERENCE,SAME_TIC_ANY_SECTOR,F3AE000107,FROZEN_MEMBER,DETERMINISTIC_1_TO_1_MATCH_WITHOUT_REPLACEMENT
F3AE000109,F3AP0055,BAIIW0001,3750,SRC_8b677d5512c7f68e0f8e2ae1ac595ea30a801f3814c89e76a0c145be74e3385b,BAIIW0001|TIC453416841|S38|SRC_8b677d5512c7f68e0f8e2ae1ac595ea30a801f3814c89e76a0c145be74e3385b,453416841,38,2355.621971,2355.622434,2355.631925,PUBLISHED_QPP_REFERENCE,SAME_TIC_SAME_SECTOR,F3AE000110,FROZEN_MEMBER,ALL_SOURCE_QPP_REFERENCES
F3AE000110,F3AP0055,BAIIW0001,3749,SRC_244a4fe4a266a5edb016dfc7bcfd17329aa5bbca26ed459db2d0bb877fe73b7d,BAIIW0001|TIC453416841|S38|SRC_244a4fe4a266a5edb016dfc7bcfd17329aa5bbca26ed459db2d0bb877fe73b7d,453416841,38,2335.298728,2335.29896,2335.299423,PUBLISHED_NOT_SELECTED_REFERENCE,SAME_TIC_SAME_SECTOR,F3AE000109,FROZEN_MEMBER,DETERMINISTIC_1_TO_1_MATCH_WITHOUT_REPLACEMENT
F3AE000111,F3AP0056,BAIIW0001,3791,SRC_067d52d5e2980c2c13ed0b2966e8e67ea1ea99cf70f3f95e1f980ccd9b2490ad,BAIIW0001|TIC461512871|S52|SRC_067d52d5e2980c2c13ed0b2966e8e67ea1ea99cf70f3f95e1f980ccd9b2490ad,461512871,52,2729.666704,2729.668787,2729.687306,PUBLISHED_QPP_REFERENCE,SAME_TIC_ANY_SECTOR,F3AE000112,FROZEN_MEMBER,ALL_SOURCE_QPP_REFERENCES
F3AE000112,F3AP0056,BAIIW0001,3792,SRC_2b80cdc210cd2b8b4b691c40b247c24778f0907a481f30d2d727b0ab2396d46c,BAIIW0001|TIC461512871|S53|SRC_2b80cdc210cd2b8b4b691c40b247c24778f0907a481f30d2d727b0ab2396d46c,461512871,53,2750.066011,2750.067169,2750.091011,PUBLISHED_NOT_SELECTED_REFERENCE,SAME_TIC_ANY_SECTOR,F3AE000111,FROZEN_MEMBER,DETERMINISTIC_1_TO_1_MATCH_WITHOUT_REPLACEMENT
F3AE000113,F3AP0057,BAIIW0001,489,SRC_edcca80e52bf700505b85909e77855732076b4ff78caf2bb3ab9a92afdb48b74,BAIIW0001|TIC46907042|S62|SRC_edcca80e52bf700505b85909e77855732076b4ff78caf2bb3ab9a92afdb48b74,46907042,62,2989.818141,2989.818604,2989.839206,PUBLISHED_QPP_REFERENCE,SAME_TIC_SAME_SECTOR,F3AE000114,FROZEN_MEMBER,ALL_SOURCE_QPP_REFERENCES
F3AE000114,F3AP0057,BAIIW0001,488,SRC_3f1ad21bb1b0795e3758f70fb5ee578a0a6c3f363b2f5aff6a0d23b872f57eec,BAIIW0001|TIC46907042|S62|SRC_3f1ad21bb1b0795e3758f70fb5ee578a0a6c3f363b2f5aff6a0d23b872f57eec,46907042,62,2989.809576,2989.810502,2989.858187,PUBLISHED_NOT_SELECTED_REFERENCE,SAME_TIC_SAME_SECTOR,F3AE000113,FROZEN_MEMBER,DETERMINISTIC_1_TO_1_MATCH_WITHOUT_REPLACEMENT
F3AE000115,F3AP0058,BAIIW0001,3824,SRC_57ae497f27675b53bc77b02a4e4b3dd41dae3e0682a6a73107b8d30cbc4d8006,BAIIW0001|TIC470679277|S59|SRC_57ae497f27675b53bc77b02a4e4b3dd41dae3e0682a6a73107b8d30cbc4d8006,470679277,59,2914.998545,2914.99924,2915.048777,PUBLISHED_QPP_REFERENCE,SAME_TIC_ANY_SECTOR,F3AE000116,FROZEN_MEMBER,ALL_SOURCE_QPP_REFERENCES
F3AE000116,F3AP0058,BAIIW0001,3820,SRC_20942853bc03715211d6b407d9eb328ce747805d5d9ea9069fb2d1900c8edd81,BAIIW0001|TIC470679277|S53|SRC_20942853bc03715211d6b407d9eb328ce747805d5d9ea9069fb2d1900c8edd81,470679277,53,2755.288041,2755.289661,2755.315356,PUBLISHED_NOT_SELECTED_REFERENCE,SAME_TIC_ANY_SECTOR,F3AE000115,FROZEN_MEMBER,DETERMINISTIC_1_TO_1_MATCH_WITHOUT_REPLACEMENT
F3AE000117,F3AP0059,BAIIW0001,568,SRC_2b690a9453f57b1a636933c8d4872ec7f747c574ba4a7fcd3f9b1f242f4e5236,BAIIW0001|TIC55663720|S38|SRC_2b690a9453f57b1a636933c8d4872ec7f747c574ba4a7fcd3f9b1f242f4e5236,55663720,38,2359.888752,2359.889215,2359.893613,PUBLISHED_QPP_REFERENCE,SAME_TIC_ANY_SECTOR,F3AE000118,FROZEN_MEMBER,ALL_SOURCE_QPP_REFERENCES
F3AE000118,F3AP0059,BAIIW0001,566,SRC_601c6b23825ec5284ed7e400893380ae227d605a49137fbd10d6564753c9b2a6,BAIIW0001|TIC55663720|S33|SRC_601c6b23825ec5284ed7e400893380ae227d605a49137fbd10d6564753c9b2a6,55663720,33,2221.811273,2221.812199,2221.815439,PUBLISHED_NOT_SELECTED_REFERENCE,SAME_TIC_ANY_SECTOR,F3AE000117,FROZEN_MEMBER,DETERMINISTIC_1_TO_1_MATCH_WITHOUT_REPLACEMENT
F3AE000119,F3AP0060,BAIIW0001,633,SRC_36fbd14970d93a309e23ce73fc5bcfbdedfa5467b27f09c119c3b5b5b4de5b33,BAIIW0001|TIC67378184|S44|SRC_36fbd14970d93a309e23ce73fc5bcfbdedfa5467b27f09c119c3b5b5b4de5b33,67378184,44,2505.134541,2505.135235,2505.137782,PUBLISHED_QPP_REFERENCE,SAME_TIC_ANY_SECTOR,F3AE000120,FROZEN_MEMBER,ALL_SOURCE_QPP_REFERENCES
F3AE000120,F3AP0060,BAIIW0001,635,SRC_0047795bbe02b7611b40ea073d978e85012ba10057617704b0e9ec8fe351d37f,BAIIW0001|TIC67378184|S45|SRC_0047795bbe02b7611b40ea073d978e85012ba10057617704b0e9ec8fe351d37f,67378184,45,2535.256201,2535.256895,2535.259442,PUBLISHED_NOT_SELECTED_REFERENCE,SAME_TIC_ANY_SECTOR,F3AE000119,FROZEN_MEMBER,DETERMINISTIC_1_TO_1_MATCH_WITHOUT_REPLACEMENT
F3AE000121,F3AP0061,BAIIW0001,676,SRC_499e28a926a7eceaa2185d55921ff713cc174f9559971ec8e525096cb811b9c2,BAIIW0001|TIC78924719|S37|SRC_499e28a926a7eceaa2185d55921ff713cc174f9559971ec8e525096cb811b9c2,78924719,37,2316.331745,2316.332439,2316.338226,PUBLISHED_QPP_REFERENCE,SAME_TIC_SAME_SECTOR,F3AE000122,FROZEN_MEMBER,ALL_SOURCE_QPP_REFERENCES
F3AE000122,F3AP0061,BAIIW0001,678,SRC_c14fe6afc5be5abe158c6fd3cf9ac95759e5ad4f1a932beaddf3da3f62dcde46,BAIIW0001|TIC78924719|S37|SRC_c14fe6afc5be5abe158c6fd3cf9ac95759e5ad4f1a932beaddf3da3f62dcde46,78924719,37,2327.460636,2327.461562,2327.466886,PUBLISHED_NOT_SELECTED_REFERENCE,SAME_TIC_SAME_SECTOR,F3AE000121,FROZEN_MEMBER,DETERMINISTIC_1_TO_1_MATCH_WITHOUT_REPLACEMENT
